22:45:30;BMP;24.99;1026.52;-109.9;38.66;366.92
22:45:31;BMP;25.24;1026.54;-110.07;38.86;388.69
22:45:32;BMP;25.56;1026.54;-110.39;38.99;396.52
22:45:33;BMP;25.79;1026.58;-110.07;39.03;402
22:45:34;BMP;25.94;1026.58;-110.56;39.06;401.28
22:45:34;BMP;26.03;1026.58;-110.23;39.07;406.64
22:45:35;BMP;26.09;1026.58;-110.56;39.06;412.66
22:45:36;BMP;26.13;1026.6;-110.39;39.04;413.42
22:45:37;BMP;26.16;1026.62;-110.73;39.03;415.48
22:45:38;BMP;26.18;1026.58;-110.39;39;416.77
22:45:39;BMP;26.19;1026.6;-110.73;38.99;414.96
22:45:40;BMP;26.19;1026.6;-110.56;38.97;418.07
22:45:40;BMP;26.2;1026.58;-110.56;38.96;412.15
22:45:41;BMP;26.2;1026.62;-110.39;38.94;416.25
22:45:42;BMP;26.2;1026.6;-110.39;38.91;420.7
22:45:43;BMP;26.21;1026.6;-110.39;38.9;418.33
22:45:44;BMP;26.21;1026.6;-110.73;38.87;415.99
22:45:45;BMP;26.21;1026.6;-110.73;38.87;417.81
22:45:45;BMP;26.21;1026.6;-110.56;38.86;421.49
22:45:46;BMP;26.21;1026.6;-110.56;38.83;419.64
22:45:47;BMP;26.21;1026.58;-110.56;38.82;419.12
22:45:48;BMP;26.22;1026.58;-110.39;38.81;419.38
22:45:49;BMP;26.22;1026.6;-110.56;38.81;420.96
22:45:50;BMP;26.22;1026.6;-110.56;38.79;421.76
22:45:51;BMP;26.22;1026.62;-110.56;38.78;419.64
22:45:51;BMP;26.22;1026.6;-110.39;38.78;420.7
22:45:52;BMP;26.22;1026.6;-110.39;38.78;415.48
22:45:53;BMP;26.22;1026.6;-110.39;38.78;420.7
22:45:54;BMP;26.22;1026.6;-110.39;38.77;421.76
22:45:55;BMP;26.22;1026.6;-110.39;38.77;420.43
22:45:56;BMP;26.22;1026.6;-110.39;38.77;421.49
22:45:57;BMP;26.22;1026.6;-110.39;38.79;417.55
22:45:57;BMP;26.22;1026.6;-110.39;38.78;416.77
22:45:58;BMP;26.22;1026.6;-110.39;38.79;420.17
22:45:59;BMP;26.23;1026.6;-110.39;38.79;417.29
22:46:00;BMP;26.23;1026.6;-110.56;38.81;417.81
22:46:01;BMP;26.23;1026.58;-110.56;38.83;417.81
22:46:02;BMP;26.23;1026.58;-110.56;38.84;417.81
22:46:02;BMP;26.23;1026.6;-110.73;38.84;417.55
22:46:03;BMP;26.23;1026.6;-110.56;38.85;417.55
22:46:04;BMP;26.23;1026.6;-110.73;38.87;419.91
22:46:05;BMP;26.23;1026.6;-110.56;38.87;418.59
22:46:06;BMP;26.23;1026.58;-110.56;38.88;418.59
22:46:07;BMP;26.23;1026.58;-110.56;38.87;417.81
22:46:08;BMP;26.23;1026.6;-110.56;38.9;419.91
22:46:08;BMP;26.24;1026.6;-110.56;38.91;418.59
22:46:09;BMP;26.23;1026.58;-110.56;38.91;416.51
22:46:10;BMP;26.23;1026.6;-110.73;38.91;419.64
22:46:11;BMP;26.23;1026.6;-110.73;38.93;417.81
22:46:12;BMP;26.23;1026.6;-110.73;38.94;414.96
22:46:13;BMP;26.22;1026.6;-110.39;38.94;415.99
22:46:14;BMP;26.22;1026.6;-110.39;38.96;418.86
22:46:14;BMP;26.22;1026.6;-110.39;38.98;417.03
22:46:15;BMP;26.23;1026.6;-110.39;38.96;419.64
22:46:16;BMP;26.23;1026.58;-110.56;38.97;418.59
22:46:17;BMP;26.23;1026.6;-110.39;38.99;417.03
22:46:18;BMP;26.23;1026.6;-110.23;38.98;419.38
22:46:19;BMP;26.23;1026.58;-110.23;38.99;420.17
22:46:19;BMP;26.23;1026.58;-110.23;39;420.96
22:46:20;BMP;26.23;1026.6;-110.39;38.99;417.55
22:46:21;BMP;26.23;1026.6;-110.39;39.01;418.86
22:46:22;BMP;26.23;1026.6;-110.56;38.99;418.07
22:46:23;BMP;26.23;1026.6;-110.56;39;416.51
22:46:24;BMP;26.23;1026.6;-110.73;38.99;420.7
22:46:25;BMP;26.23;1026.6;-110.56;38.99;421.23
22:46:25;BMP;26.23;1026.6;-110.56;38.98;419.64
22:46:26;BMP;26.23;1026.6;-110.56;38.99;419.91
22:46:27;BMP;26.23;1026.58;-110.56;38.98;419.91
22:46:28;BMP;26.24;1026.58;-110.56;38.97;419.12
22:46:29;BMP;26.24;1026.58;-110.56;38.97;415.73
22:46:30;BMP;26.24;1026.6;-110.39;38.97;417.29
22:46:31;BMP;26.24;1026.6;-110.39;38.98;419.64
22:46:31;BMP;26.24;1026.6;-110.39;38.96;419.38
22:46:32;BMP;26.24;1026.6;-110.39;38.96;417.81
22:46:33;BMP;26.24;1026.58;-110.23;38.96;418.07
22:46:34;BMP;26.25;1026.58;-110.56;38.96;419.12
22:46:35;BMP;26.25;1026.58;-110.56;38.95;420.43
22:46:36;BMP;26.25;1026.58;-110.56;38.95;419.38
22:46:36;BMP;26.25;1026.58;-110.39;38.94;418.59
22:46:37;BMP;26.25;1026.58;-110.39;38.94;420.17
22:46:38;BMP;26.25;1026.58;-110.39;38.95;418.07
22:46:39;BMP;26.25;1026.58;-110.56;38.93;420.96
22:46:40;BMP;26.25;1026.58;-110.39;38.94;418.86
22:46:41;BMP;26.25;1026.58;-110.39;38.94;419.64
22:46:42;BMP;26.25;1026.58;-110.39;38.94;420.96
22:46:42;BMP;26.25;1026.56;-110.39;38.93;420.7
22:46:43;BMP;26.26;1026.56;-110.23;38.93;417.81
22:46:44;BMP;26.26;1026.56;-110.39;38.92;421.76
22:46:45;BMP;26.26;1026.6;-110.39;38.92;419.38
22:46:46;BMP;26.26;1026.6;-110.39;38.92;419.38
22:46:47;BMP;26.26;1026.6;-110.39;38.92;419.12
22:46:47;BMP;26.26;1026.58;-110.39;38.92;420.96
22:46:48;BMP;26.25;1026.58;-110.56;38.91;421.23
22:46:49;BMP;26.25;1026.6;-110.56;38.9;419.12
22:46:50;BMP;26.25;1026.6;-110.56;38.9;417.55
22:46:51;BMP;26.25;1026.6;-110.39;38.9;420.43
22:46:52;BMP;26.25;1026.6;-110.39;38.89;420.96
22:46:53;BMP;26.24;1026.6;-110.39;38.9;419.12
22:46:53;BMP;26.24;1026.6;-110.39;38.9;418.86
22:46:54;BMP;26.24;1026.6;-110.39;38.9;418.86
22:46:55;BMP;26.24;1026.6;-110.39;38.91;421.76
22:46:56;BMP;26.24;1026.6;-110.39;38.9;421.49
22:46:57;BMP;26.24;1026.56;-110.39;38.92;420.7
22:46:58;BMP;26.24;1026.6;-110.39;38.91;417.81
22:46:59;BMP;26.24;1026.6;-110.39;38.92;419.64
22:46:59;BMP;26.24;1026.58;-110.39;38.92;418.59
22:47:00;BMP;26.24;1026.56;-110.39;38.92;418.59
22:47:01;BMP;26.24;1026.6;-110.39;38.92;417.29
22:47:02;BMP;26.24;1026.6;-110.39;38.92;421.76
22:47:03;BMP;26.24;1026.6;-110.39;38.93;421.49
22:47:04;BMP;26.24;1026.6;-110.39;38.93;422.02
22:47:04;BMP;26.24;1026.6;-110.23;38.93;418.86
22:47:05;BMP;26.24;1026.58;-110.23;38.93;420.43
22:47:06;BMP;26.24;1026.58;-110.23;38.93;416.25
22:47:07;BMP;26.25;1026.58;-110.23;38.93;423.89
22:47:08;BMP;26.24;1026.58;-110.23;38.93;418.86
22:47:09;BMP;26.25;1026.58;-110.23;38.93;419.64
22:47:10;BMP;26.25;1026.58;-110.23;38.92;417.29
22:47:10;BMP;26.25;1026.58;-110.23;38.92;420.7
22:47:11;BMP;26.25;1026.58;-110.23;38.92;418.59
22:47:12;BMP;26.25;1026.58;-110.23;38.93;421.76
22:47:13;BMP;26.25;1026.56;-110.23;38.93;420.17
22:47:14;BMP;26.25;1026.58;-110.23;38.94;415.99
22:47:15;BMP;26.25;1026.58;-110.23;38.92;418.86
22:47:16;BMP;26.25;1026.56;-110.07;38.92;419.38
22:47:16;BMP;26.25;1026.58;-110.39;38.92;420.96
22:47:17;BMP;26.25;1026.58;-110.39;38.92;419.64
22:47:18;BMP;26.25;1026.58;-110.56;38.92;418.59
22:47:19;BMP;26.25;1026.58;-110.39;38.92;418.86
22:47:20;BMP;26.25;1026.58;-110.56;38.92;418.86
22:47:21;BMP;26.25;1026.58;-110.56;38.92;421.23
22:47:21;BMP;26.25;1026.58;-110.56;38.92;420.43
22:47:22;BMP;26.25;1026.58;-110.39;38.93;418.86
22:47:23;BMP;26.25;1026.56;-110.39;38.91;417.29
22:47:24;BMP;26.25;1026.56;-110.39;38.93;416.77
22:47:25;BMP;26.25;1026.58;-110.39;38.92;419.64
22:47:26;BMP;26.25;1026.56;-110.39;38.92;417.03
22:47:27;BMP;26.26;1026.56;-110.39;38.94;417.55
22:47:27;BMP;26.26;1026.56;-110.39;38.93;416.25
22:47:28;BMP;26.26;1026.6;-110.39;38.94;416.77
22:47:29;BMP;26.26;1026.58;-110.23;38.95;418.59
22:47:30;BMP;26.26;1026.58;-110.23;38.95;417.55
22:47:31;BMP;26.26;1026.58;-110.23;38.95;417.55
22:47:32;BMP;26.26;1026.58;-110.39;38.96;414.7
22:47:33;BMP;26.26;1026.58;-110.23;38.98;413.93
22:47:33;BMP;26.26;1026.58;-110.23;38.96;412.66
22:47:34;BMP;26.26;1026.58;-110.23;38.98;417.81
22:47:35;BMP;26.26;1026.58;-110.23;38.99;417.55
22:47:36;BMP;26.26;1026.58;-110.23;38.98;419.91
22:47:37;BMP;26.26;1026.58;-110.23;38.99;415.99
22:47:38;BMP;26.26;1026.58;-110.23;38.98;415.48
22:47:38;BMP;26.26;1026.56;-110.07;38.99;415.99
22:47:39;BMP;26.27;1026.56;-110.23;38.99;415.73
22:47:40;BMP;26.26;1026.58;-110.23;38.99;418.33
22:47:41;BMP;26.26;1026.58;-110.07;38.99;415.48
22:47:42;BMP;26.26;1026.56;-110.07;38.99;413.42
22:47:43;BMP;26.26;1026.58;-110.23;39;415.73
22:47:44;BMP;26.26;1026.58;-110.23;38.99;418.07
22:47:44;BMP;26.26;1026.58;-110.23;38.99;418.33
22:47:45;BMP;26.26;1026.58;-110.23;38.99;417.55
22:47:46;BMP;26.26;1026.58;-110.23;39;419.38
22:47:47;BMP;26.26;1026.58;-110.23;38.98;416.51
22:47:48;BMP;26.26;1026.58;-110.23;38.98;417.55
22:47:49;BMP;26.26;1026.58;-110.23;38.99;420.96
22:47:50;BMP;26.26;1026.58;-110.23;38.99;419.38
22:47:50;BMP;26.26;1026.58;-110.23;38.99;416.51
22:47:51;BMP;26.26;1026.58;-110.23;38.98;418.07
22:47:52;BMP;26.26;1026.58;-110.23;38.98;416.77
22:47:53;BMP;26.26;1026.58;-110.23;38.98;419.91
22:47:54;BMP;26.26;1026.58;-110.23;38.98;423.63
22:47:55;BMP;26.26;1026.58;-110.07;38.99;416.51
22:47:55;BMP;26.26;1026.58;-110.23;38.98;418.59
22:47:56;BMP;26.26;1026.56;-110.07;38.98;419.91
22:47:57;BMP;26.26;1026.56;-110.23;38.98;419.64
22:47:58;BMP;26.26;1026.56;-110.23;38.98;418.33
22:47:59;BMP;26.26;1026.56;-110.23;38.98;420.96
22:48:00;BMP;26.26;1026.56;-110.23;38.97;421.23
22:48:01;BMP;26.26;1026.56;-110.23;38.98;415.73
22:48:01;BMP;26.26;1026.56;-110.23;38.98;421.23
22:48:02;BMP;26.26;1026.58;-110.07;38.98;420.17
22:48:03;BMP;26.26;1026.56;-110.07;38.97;422.29
22:48:04;BMP;26.26;1026.56;-110.07;38.97;418.59
22:48:05;BMP;26.26;1026.56;-110.23;38.98;418.07
22:48:06;BMP;26.27;1026.56;-110.07;38.97;418.59
22:48:07;BMP;26.26;1026.56;-110.23;38.96;419.91
22:48:07;BMP;26.26;1026.56;-110.23;38.97;421.23
22:48:08;BMP;26.26;1026.58;-110.07;38.97;418.59
22:48:09;BMP;26.26;1026.58;-110.23;38.96;419.12
22:48:10;BMP;26.26;1026.58;-110.23;38.96;416.51
22:48:11;BMP;26.26;1026.58;-110.23;38.95;422.02
22:48:12;BMP;26.26;1026.58;-110.07;38.95;421.49
22:48:12;BMP;26.26;1026.56;-110.07;38.95;418.59
22:48:13;BMP;26.26;1026.58;-110.23;38.95;417.81
22:48:14;BMP;26.26;1026.56;-110.23;38.94;421.23
22:48:15;BMP;26.26;1026.56;-110.23;38.94;418.86
22:48:16;BMP;26.26;1026.58;-110.07;38.95;418.07
22:48:17;BMP;26.27;1026.56;-110.07;38.94;422.02
22:48:18;BMP;26.27;1026.56;-110.07;38.94;416.51
22:48:18;BMP;26.27;1026.54;-110.07;38.93;420.7
22:48:19;BMP;26.27;1026.56;-110.23;38.93;420.96
22:48:20;BMP;26.27;1026.54;-110.23;38.92;419.91
22:48:21;BMP;26.27;1026.56;-110.39;38.91;419.91
22:48:22;BMP;26.27;1026.56;-110.23;38.91;417.55
22:48:23;BMP;26.27;1026.56;-110.07;38.9;418.33
22:48:24;BMP;26.27;1026.56;-110.39;38.9;420.96
22:48:24;BMP;26.27;1026.56;-110.39;38.9;418.86
22:48:25;BMP;26.27;1026.56;-110.39;38.89;417.03
22:48:26;BMP;26.27;1026.56;-110.23;38.88;418.07
22:48:27;BMP;26.27;1026.56;-110.23;38.88;419.12
22:48:28;BMP;26.27;1026.56;-110.23;38.87;416.51
22:48:29;BMP;26.27;1026.56;-110.23;38.87;420.7
22:48:29;BMP;26.27;1026.56;-110.23;38.86;421.23
22:48:30;BMP;26.27;1026.56;-110.39;38.87;418.59
22:48:31;BMP;26.27;1026.56;-110.39;38.85;417.81
22:48:32;BMP;26.27;1026.56;-110.39;38.85;420.7
22:48:33;BMP;26.27;1026.56;-110.23;38.85;420.17
22:48:34;BMP;26.27;1026.56;-110.23;38.85;419.38
22:48:35;BMP;26.27;1026.56;-110.23;38.84;418.33
22:48:35;BMP;26.27;1026.56;-110.39;38.85;414.45
22:48:36;BMP;26.27;1026.56;-110.39;38.85;420.96
22:48:37;BMP;26.27;1026.56;-110.23;38.86;416.51
22:48:38;BMP;26.27;1026.56;-110.39;38.87;418.07
22:48:39;BMP;26.27;1026.58;-110.39;38.87;417.29
22:48:40;BMP;26.27;1026.56;-110.39;38.86;420.43
22:48:41;BMP;26.27;1026.56;-110.23;38.87;420.96
22:48:41;BMP;26.27;1026.56;-110.23;38.87;418.59
22:48:42;BMP;26.27;1026.56;-110.39;38.87;420.96
22:48:43;BMP;26.27;1026.56;-110.39;38.87;416.25
22:48:44;BMP;26.27;1026.56;-110.39;38.86;422.56
22:48:45;BMP;26.27;1026.56;-110.23;38.88;420.17
22:48:46;BMP;26.27;1026.54;-110.23;38.87;418.59
22:48:46;BMP;26.27;1026.54;-110.23;38.87;418.33
22:48:47;BMP;26.27;1026.56;-110.23;38.86;417.55
22:48:48;BMP;26.27;1026.56;-110.39;38.87;420.43
22:48:49;BMP;26.27;1026.56;-110.39;38.87;417.03
22:48:50;BMP;26.27;1026.56;-110.39;38.87;419.12
22:48:51;BMP;26.27;1026.56;-110.39;38.87;419.12
22:48:52;BMP;26.27;1026.56;-110.39;38.87;418.86
22:48:52;BMP;26.27;1026.56;-110.39;38.87;416.51
22:48:53;BMP;26.28;1026.54;-110.23;38.88;420.7
22:48:54;BMP;26.28;1026.54;-110.23;38.87;422.02
22:48:55;BMP;26.28;1026.58;-110.23;38.88;418.86
22:48:56;BMP;26.28;1026.54;-110.23;38.88;416.77
22:48:57;BMP;26.28;1026.56;-110.23;38.87;417.55
22:48:58;BMP;26.28;1026.58;-110.23;38.88;419.64
22:48:58;BMP;26.28;1026.58;-110.23;38.87;419.91
22:48:59;BMP;26.28;1026.58;-110.23;38.88;418.59
22:49:00;BMP;26.28;1026.6;-110.39;38.87;419.64
22:49:01;BMP;26.28;1026.58;-110.23;38.87;419.64
22:49:02;BMP;26.28;1026.58;-110.23;38.88;417.81
22:49:03;BMP;26.28;1026.58;-110.23;38.87;416.77
22:49:03;BMP;26.28;1026.58;-110.23;38.88;419.64
22:49:04;BMP;26.28;1026.58;-110.23;38.87;417.55
22:49:05;BMP;26.28;1026.58;-110.07;38.87;419.64
22:49:06;BMP;26.28;1026.56;-110.07;38.87;417.29
22:49:07;BMP;26.28;1026.58;-110.23;38.86;421.49
22:49:08;BMP;26.29;1026.56;-110.07;38.88;422.02
22:49:09;BMP;26.29;1026.56;-110.07;38.88;421.23
22:49:09;BMP;26.29;1026.56;-110.39;38.87;420.96
22:49:10;BMP;26.29;1026.56;-110.23;38.87;422.29
22:49:11;BMP;26.29;1026.56;-110.23;38.86;420.17
22:49:12;BMP;26.29;1026.54;-110.07;38.86;417.55
22:49:13;BMP;26.29;1026.54;-110.23;38.85;419.12
22:49:14;BMP;26.29;1026.56;-110.23;38.85;421.23
22:49:15;BMP;26.29;1026.54;-110.23;38.85;419.12
22:49:15;BMP;26.29;1026.54;-110.23;38.85;420.17
22:49:16;BMP;26.29;1026.54;-110.23;38.85;420.17
22:49:17;BMP;26.29;1026.56;-110.07;38.85;420.7
22:49:18;BMP;26.29;1026.56;-110.23;38.84;417.81
22:49:19;BMP;26.29;1026.56;-110.07;38.84;418.86
22:49:20;BMP;26.29;1026.56;-110.23;38.83;420.17
22:49:20;BMP;26.29;1026.58;-110.23;38.83;419.91
22:49:21;BMP;26.29;1026.58;-110.23;38.83;420.43
22:49:22;BMP;26.29;1026.58;-110.23;38.83;421.49
22:49:23;BMP;26.29;1026.58;-110.23;38.83;418.59
22:49:24;BMP;26.29;1026.58;-110.23;38.83;417.29
22:49:25;BMP;26.29;1026.58;-110.23;38.84;418.33
22:49:26;BMP;26.29;1026.58;-110.23;38.82;418.59
22:49:26;BMP;26.28;1026.58;-110.23;38.83;418.86
22:49:27;BMP;26.28;1026.58;-110.23;38.84;421.49
22:49:28;BMP;26.28;1026.58;-110.23;38.84;418.33
22:49:29;BMP;26.28;1026.58;-110.23;38.84;420.7
22:49:30;BMP;26.28;1026.58;-110.23;38.84;420.7
22:49:31;BMP;26.28;1026.58;-110.23;38.84;419.12
22:49:32;BMP;26.28;1026.58;-110.23;38.84;418.59
22:49:32;BMP;26.28;1026.58;-110.23;38.84;415.48
22:49:33;BMP;26.28;1026.58;-110.23;38.85;418.59
22:49:34;BMP;26.28;1026.58;-110.23;38.86;418.86
22:49:35;BMP;26.28;1026.58;-110.23;38.86;417.55
22:49:36;BMP;26.28;1026.58;-110.23;38.86;417.29
22:49:37;BMP;26.28;1026.58;-110.23;38.88;417.03
22:49:37;BMP;26.28;1026.58;-110.23;38.87;419.91
22:49:38;BMP;26.28;1026.58;-110.23;38.9;418.07
22:49:39;BMP;26.28;1026.56;-110.23;38.88;419.38
22:49:40;BMP;26.28;1026.58;-110.23;38.9;421.49
22:49:41;BMP;26.28;1026.58;-110.23;38.88;415.99
22:49:42;BMP;26.28;1026.58;-110.23;38.9;418.59
22:49:43;BMP;26.28;1026.56;-110.39;38.9;417.81
22:49:43;BMP;26.27;1026.58;-110.56;38.95;414.96
22:49:44;BMP;26.27;1026.58;-110.39;39;413.93
22:49:45;BMP;26.27;1026.58;-110.39;39.08;416.77
22:49:46;BMP;26.28;1026.58;-110.39;39.14;418.33
22:49:47;BMP;26.28;1026.6;-110.39;39.22;416.51
22:49:48;BMP;26.28;1026.6;-110.39;39.28;419.64
22:49:49;BMP;26.28;1026.6;-110.39;39.33;418.33
22:49:49;BMP;26.28;1026.6;-110.39;39.36;419.64
22:49:50;BMP;26.28;1026.6;-110.39;39.38;419.12
22:49:51;BMP;26.28;1026.6;-110.39;39.39;415.48
22:49:52;BMP;26.28;1026.6;-110.39;39.38;416.25
22:49:53;BMP;26.28;1026.58;-110.39;39.38;418.59
22:49:54;BMP;26.28;1026.6;-110.39;39.35;419.12
22:49:54;BMP;26.28;1026.6;-110.39;39.33;420.43
22:49:55;BMP;26.28;1026.6;-110.39;39.31;417.55
22:49:56;BMP;26.29;1026.58;-110.23;39.31;418.59
22:49:57;BMP;26.29;1026.58;-110.23;39.28;420.96
22:49:58;BMP;26.29;1026.58;-110.39;39.26;419.91
22:49:59;BMP;26.29;1026.58;-110.39;39.22;419.91
22:50:00;BMP;26.29;1026.58;-110.39;39.23;418.86
22:50:00;BMP;26.29;1026.58;-110.39;39.2;417.29
22:50:01;BMP;26.29;1026.58;-110.56;39.19;420.96
22:50:02;BMP;26.29;1026.58;-110.56;39.19;418.59
22:50:03;BMP;26.29;1026.58;-110.56;39.16;419.38
22:50:04;BMP;26.29;1026.6;-110.56;39.15;419.64
22:50:05;BMP;26.29;1026.58;-110.56;39.14;420.43
22:50:05;BMP;26.29;1026.58;-110.56;39.11;421.76
22:50:06;BMP;26.29;1026.58;-110.56;39.1;421.23
22:50:07;BMP;26.29;1026.58;-110.56;39.1;417.81
22:50:08;BMP;26.29;1026.58;-110.56;39.09;419.64
22:50:09;BMP;26.29;1026.58;-110.39;39.08;418.59
22:50:10;BMP;26.29;1026.58;-110.23;39.06;419.12
22:50:11;BMP;26.29;1026.56;-110.39;39.04;419.38
22:50:11;BMP;26.29;1026.58;-110.56;39.04;420.43
22:50:12;BMP;26.29;1026.58;-110.39;39.03;419.12
22:50:13;BMP;26.29;1026.58;-110.39;39.02;420.96
22:50:14;BMP;26.29;1026.58;-110.39;39.01;422.82
22:50:15;BMP;26.3;1026.58;-110.39;39.02;418.07
22:50:16;BMP;26.3;1026.58;-110.56;39.01;419.64
22:50:17;BMP;26.3;1026.58;-110.39;39;419.91
22:50:17;BMP;26.3;1026.56;-110.39;39;419.38
22:50:18;BMP;26.3;1026.6;-110.39;38.99;417.81
22:50:19;BMP;26.3;1026.6;-110.39;38.98;417.55
22:50:20;BMP;26.3;1026.6;-110.39;38.98;419.12
22:50:21;BMP;26.3;1026.58;-110.39;38.97;421.76
22:50:22;BMP;26.29;1026.58;-110.56;38.96;418.33
22:50:22;BMP;26.29;1026.58;-110.56;38.95;418.59
22:50:23;BMP;26.29;1026.6;-110.56;38.95;421.23
22:50:24;BMP;26.29;1026.6;-110.39;38.94;420.96
22:50:25;BMP;26.28;1026.6;-110.39;38.95;421.23
22:50:26;BMP;26.29;1026.6;-110.23;38.94;419.64
22:50:27;BMP;26.28;1026.6;-110.39;38.93;417.03
22:50:28;BMP;26.28;1026.6;-110.39;38.93;422.02
22:50:28;BMP;26.28;1026.6;-110.39;38.93;420.96
22:50:29;BMP;26.28;1026.6;-110.39;38.93;421.49
22:50:30;BMP;26.28;1026.6;-110.39;38.94;421.23
22:50:31;BMP;26.28;1026.6;-110.39;38.93;417.81
22:50:32;BMP;26.28;1026.6;-110.39;38.94;419.64
22:50:33;BMP;26.28;1026.6;-110.39;38.95;420.17
22:50:34;BMP;26.28;1026.6;-110.39;38.94;420.17
22:50:34;BMP;26.28;1026.6;-110.39;38.94;418.86
22:50:35;BMP;26.28;1026.6;-110.39;38.95;419.64
22:50:36;BMP;26.28;1026.6;-110.39;38.94;419.64
22:50:37;BMP;26.28;1026.6;-110.39;38.95;419.38
22:50:38;BMP;26.28;1026.6;-110.39;38.96;418.33
22:50:39;BMP;26.28;1026.6;-110.39;38.95;419.12
22:50:39;BMP;26.28;1026.6;-110.39;38.96;418.59
22:50:40;BMP;26.28;1026.6;-110.39;38.96;420.43
22:50:41;BMP;26.28;1026.6;-110.39;38.96;418.86
22:50:42;BMP;26.28;1026.6;-110.39;38.96;419.38
22:50:43;BMP;26.28;1026.6;-110.39;38.99;415.22
22:50:46;BMP;25.05;1026.52;-110.07;39.61;358.14
22:50:46;BMP;25.3;1026.54;-110.23;40.08;377
22:50:47;BMP;25.62;1026.56;-110.56;40.4;386.45
22:50:48;BMP;25.84;1026.56;-110.56;40.67;393.03
22:50:49;BMP;25.99;1026.6;-110.39;40.85;393.03
22:50:50;BMP;26.09;1026.6;-110.73;40.98;395.35
22:50:51;BMP;26.15;1026.62;-110.39;41.07;398.89
22:50:52;BMP;26.18;1026.6;-110.56;41.12;400.56
22:50:52;BMP;26.21;1026.6;-110.39;41.14;397.23
22:50:53;BMP;26.22;1026.6;-110.56;41.12;403.45
22:50:54;BMP;26.24;1026.58;-110.39;41.09;404.43
22:50:55;BMP;26.24;1026.6;-110.56;41.06;403.94
22:50:56;BMP;26.25;1026.6;-110.56;41;406.89
22:50:57;BMP;26.25;1026.6;-110.56;40.93;405.9
22:50:57;BMP;26.26;1026.6;-110.73;40.86;405.9
22:50:58;BMP;26.26;1026.62;-110.56;40.8;409.38
22:50:59;BMP;26.26;1026.62;-110.56;40.71;408.63
22:51:00;BMP;26.26;1026.62;-110.56;40.62;411.39
22:51:01;BMP;26.26;1026.62;-110.56;40.53;413.68
22:51:02;BMP;26.26;1026.6;-110.39;40.44;412.15
22:51:03;BMP;26.27;1026.6;-110.39;40.36;410.63
22:51:03;BMP;26.27;1026.6;-110.56;40.28;413.17
22:51:07;BMP;24.88;1026.52;-109.9;40.09;350.52
22:51:08;BMP;25.15;1026.54;-110.23;40.28;370.63
22:51:09;BMP;25.49;1026.58;-110.23;40.37;382.48
22:51:10;BMP;25.74;1026.58;-110.23;40.4;387.57
22:51:11;BMP;25.9;1026.62;-110.39;40.39;391.65
22:51:12;BMP;26.01;1026.6;-110.39;40.38;398.41
22:51:12;BMP;26.07;1026.58;-110.73;40.3;400.08
22:51:13;BMP;26.12;1026.58;-110.73;40.26;400.08
22:51:14;BMP;26.15;1026.6;-110.56;40.2;400.8
22:51:15;BMP;26.16;1026.6;-110.56;40.12;406.15
22:51:16;BMP;26.18;1026.6;-110.56;40.06;404.92
22:51:17;BMP;26.19;1026.6;-110.73;39.99;406.39
22:51:17;BMP;26.2;1026.64;-110.56;39.93;408.63
22:51:18;BMP;26.21;1026.62;-110.73;39.87;407.38
22:51:19;BMP;26.21;1026.6;-110.56;39.82;407.63
22:51:20;BMP;26.21;1026.6;-110.73;39.76;412.4
22:51:21;BMP;26.22;1026.62;-110.56;39.72;411.9
22:51:22;BMP;26.22;1026.62;-110.73;39.68;412.15
22:51:23;BMP;26.22;1026.64;-110.56;39.63;411.9
22:51:23;BMP;26.22;1026.62;-110.56;39.59;414.7
22:51:24;BMP;26.22;1026.62;-110.56;39.56;414.45
22:51:25;BMP;26.23;1026.62;-110.56;39.52;412.66
22:51:26;BMP;26.23;1026.62;-110.56;39.49;412.91
22:51:27;BMP;26.23;1026.6;-110.73;39.47;415.22
22:51:28;BMP;26.23;1026.6;-110.73;39.43;413.17
22:51:29;BMP;26.23;1026.6;-110.73;39.41;413.17
22:51:29;BMP;26.23;1026.6;-110.73;39.4;411.9
22:51:30;BMP;26.24;1026.6;-110.73;39.37;414.19
22:51:31;BMP;26.24;1026.6;-110.73;39.36;415.48
22:51:32;BMP;26.24;1026.64;-110.56;39.35;415.22
22:51:33;BMP;26.24;1026.62;-110.73;39.31;414.45
22:51:34;BMP;26.24;1026.62;-110.73;39.31;415.99
22:51:34;BMP;26.24;1026.62;-110.56;39.3;414.96
22:51:35;BMP;26.25;1026.62;-110.56;39.28;414.45
22:51:36;BMP;26.25;1026.6;-110.56;39.28;415.22
22:51:37;BMP;26.25;1026.62;-110.73;39.26;413.17
22:51:38;BMP;26.25;1026.62;-110.73;39.25;415.73
22:51:39;BMP;26.25;1026.6;-110.73;39.23;417.03
22:51:40;BMP;26.25;1026.6;-110.73;39.23;414.45
22:51:40;BMP;26.25;1026.6;-110.73;39.21;413.17
22:51:41;BMP;26.25;1026.62;-110.73;39.22;415.48
22:51:42;BMP;26.25;1026.62;-110.73;39.19;414.45
22:51:43;BMP;26.25;1026.62;-110.73;39.19;419.12
22:51:44;BMP;26.25;1026.62;-110.56;39.18;415.99
22:51:45;BMP;26.25;1026.6;-110.39;39.16;414.7
22:51:46;BMP;26.25;1026.6;-110.73;39.17;416.25
22:51:46;BMP;26.25;1026.6;-110.73;39.16;414.19
22:51:47;BMP;26.25;1026.6;-110.56;39.17;412.4
22:51:48;BMP;26.25;1026.6;-110.56;39.22;410.88
22:51:49;BMP;26.25;1026.6;-110.56;39.31;414.19
22:51:50;BMP;26.25;1026.6;-110.73;39.4;414.45
22:51:51;BMP;26.25;1026.6;-110.56;39.45;413.42
22:51:51;BMP;26.25;1026.62;-110.56;39.46;415.48
22:51:52;BMP;26.25;1026.62;-110.56;39.47;414.7
22:51:53;BMP;26.24;1026.62;-110.56;39.45;414.96
22:51:54;BMP;26.24;1026.62;-110.56;39.45;414.7
22:51:55;BMP;26.25;1026.62;-110.56;39.42;413.93
22:51:56;BMP;26.25;1026.62;-110.56;39.4;415.73
22:51:57;BMP;26.25;1026.62;-110.73;39.39;417.29
22:51:57;BMP;26.25;1026.6;-110.73;39.37;415.22
22:51:58;BMP;26.25;1026.62;-110.73;39.33;415.48
22:51:59;BMP;26.25;1026.62;-110.56;39.32;418.33
22:52:00;BMP;26.25;1026.62;-110.56;39.29;416.51
22:52:01;BMP;26.25;1026.62;-110.73;39.28;419.12
22:52:02;BMP;26.25;1026.62;-110.73;39.26;419.12
22:52:03;BMP;26.25;1026.6;-110.73;39.25;420.17
22:52:03;BMP;26.25;1026.62;-110.73;39.23;418.07
22:52:04;BMP;26.25;1026.62;-110.73;39.2;416.25
22:52:05;BMP;26.25;1026.62;-110.73;39.19;413.42
22:52:06;BMP;26.25;1026.62;-110.89;39.18;418.07
22:52:07;BMP;26.25;1026.62;-110.73;39.17;417.81
22:52:08;BMP;26.25;1026.62;-110.73;39.16;417.55
22:52:08;BMP;26.25;1026.6;-110.73;39.15;419.12
22:52:09;BMP;26.26;1026.64;-110.73;39.14;421.23
22:52:10;BMP;26.26;1026.62;-110.56;39.13;418.86
22:52:11;BMP;26.26;1026.62;-110.56;39.13;420.43
22:52:12;BMP;26.26;1026.62;-110.56;39.12;419.38
22:52:13;BMP;26.26;1026.62;-110.56;39.11;419.38
22:52:14;BMP;26.26;1026.62;-110.73;39.11;419.91
22:52:14;BMP;26.26;1026.64;-110.56;39.11;415.73
22:52:15;BMP;26.26;1026.62;-110.73;39.1;418.33
22:52:16;BMP;26.27;1026.64;-110.89;39.1;418.86
22:52:17;BMP;26.27;1026.62;-110.73;39.12;417.55
22:52:18;BMP;26.27;1026.62;-110.73;39.1;417.55
22:52:19;BMP;26.27;1026.62;-110.73;39.1;418.86
22:52:20;BMP;26.27;1026.6;-110.73;39.1;419.64
22:52:20;BMP;26.27;1026.62;-110.73;39.1;421.23
22:52:21;BMP;26.27;1026.62;-110.89;39.1;415.99
22:52:22;BMP;26.27;1026.62;-110.89;39.1;418.07
22:52:23;BMP;26.27;1026.62;-110.73;39.1;417.55
22:52:24;BMP;26.27;1026.62;-110.73;39.09;415.48
22:52:25;BMP;26.27;1026.62;-110.73;39.09;415.99
22:52:25;BMP;26.27;1026.6;-110.56;39.08;417.03
22:52:26;BMP;26.27;1026.6;-110.73;39.09;419.12
22:52:27;BMP;26.27;1026.6;-110.73;39.08;420.17
22:52:28;BMP;26.27;1026.6;-110.73;39.07;417.03
22:52:29;BMP;26.27;1026.6;-110.73;39.07;418.59
22:52:30;BMP;26.27;1026.6;-110.73;39.07;418.33
22:52:31;BMP;26.28;1026.6;-110.73;39.06;421.23
22:52:31;BMP;26.28;1026.6;-110.73;39.05;419.38
22:52:32;BMP;26.28;1026.62;-110.73;39.06;419.91
22:52:33;BMP;26.28;1026.6;-110.73;39.06;416.51
22:52:34;BMP;26.28;1026.62;-110.56;39.04;418.33
22:52:35;BMP;26.28;1026.6;-110.73;39.04;418.86
22:52:36;BMP;26.28;1026.6;-110.73;39.04;418.86
22:52:37;BMP;26.28;1026.6;-110.56;39.03;416.51
22:52:37;BMP;26.28;1026.62;-110.73;39.03;420.43
22:52:38;BMP;26.28;1026.64;-110.73;39.03;415.99
22:52:39;BMP;26.28;1026.62;-110.56;39.02;416.77
22:52:40;BMP;26.28;1026.64;-110.56;39.02;418.86
22:52:41;BMP;26.28;1026.6;-110.73;39.02;416.51
22:52:42;BMP;26.27;1026.6;-110.73;39.01;417.29
22:52:42;BMP;26.27;1026.6;-110.73;39.01;420.43
22:52:43;BMP;26.27;1026.6;-110.73;39.02;418.86
22:52:44;BMP;26.27;1026.62;-110.89;39;413.42
22:52:45;BMP;26.27;1026.62;-110.56;39.01;416.25
22:52:46;BMP;26.27;1026.62;-110.89;39.01;414.96
22:52:47;BMP;26.27;1026.62;-110.89;39.02;417.55
22:52:48;BMP;26.27;1026.62;-110.73;39.02;418.07
22:52:48;BMP;26.27;1026.6;-110.73;39;422.02
22:52:49;BMP;26.27;1026.6;-110.73;39.01;420.17
22:52:50;BMP;26.27;1026.6;-110.73;39.03;421.76
22:52:51;BMP;26.27;1026.6;-110.73;39.01;418.86
22:52:52;BMP;26.28;1026.6;-110.73;38.99;417.55
22:52:53;BMP;26.28;1026.64;-110.73;39.01;420.7
22:52:54;BMP;26.28;1026.6;-110.73;39;419.12
22:52:54;BMP;26.28;1026.62;-110.73;39;420.17
22:52:55;BMP;26.28;1026.62;-110.73;39;419.91
22:52:56;BMP;26.28;1026.62;-110.73;39;417.55
22:52:57;BMP;26.27;1026.62;-110.73;39;417.55
22:52:58;BMP;26.27;1026.62;-110.73;39.01;416.25
22:52:59;BMP;26.27;1026.62;-110.73;39;419.38
22:52:59;BMP;26.27;1026.62;-110.89;39.01;418.33
22:53:00;BMP;26.27;1026.62;-110.73;39.01;420.43
22:53:01;BMP;26.27;1026.62;-110.73;39.01;415.73
22:53:02;BMP;26.27;1026.62;-110.73;39.02;419.38
22:53:03;BMP;26.27;1026.6;-110.73;39.02;417.55
22:53:04;BMP;26.27;1026.6;-110.73;39.03;419.38
22:53:05;BMP;26.27;1026.6;-110.73;39.04;420.43
22:53:05;BMP;26.27;1026.62;-110.73;39.04;419.91
22:53:06;BMP;26.28;1026.62;-110.73;39.05;417.03
22:53:07;BMP;26.28;1026.64;-110.73;39.04;415.73
22:53:08;BMP;26.28;1026.6;-110.73;39.04;419.12
22:53:09;BMP;26.28;1026.64;-110.73;39.04;419.38
22:53:10;BMP;26.28;1026.64;-110.73;39.04;420.7
22:53:11;BMP;26.28;1026.62;-110.73;39.04;418.86
22:53:11;BMP;26.28;1026.62;-110.73;39.04;419.12
22:53:12;BMP;26.28;1026.6;-110.73;39.04;415.48
22:53:13;BMP;26.28;1026.62;-110.73;39.04;417.55
22:53:14;BMP;26.28;1026.62;-110.73;39.04;419.12
22:53:15;BMP;26.28;1026.62;-110.73;39.04;417.03
22:53:16;BMP;26.28;1026.6;-110.73;39.04;413.93
22:53:16;BMP;26.27;1026.6;-110.73;39.04;418.07
22:53:17;BMP;26.28;1026.6;-110.56;39.04;419.12
22:53:18;BMP;26.28;1026.58;-110.56;39.04;417.55
22:53:19;BMP;26.28;1026.58;-110.56;39.04;418.07
22:53:20;BMP;26.28;1026.62;-110.56;39.06;419.12
22:53:21;BMP;26.28;1026.62;-110.56;39.04;415.73
22:53:22;BMP;26.28;1026.62;-110.56;39.04;417.55
22:53:22;BMP;26.28;1026.62;-110.56;39.03;418.07
22:53:23;BMP;26.28;1026.64;-110.73;39.05;417.03
22:53:24;BMP;26.28;1026.64;-110.73;39.04;420.96
22:53:25;BMP;26.29;1026.64;-110.73;39.04;419.91
22:53:26;BMP;26.29;1026.62;-110.73;39.04;418.86
22:53:27;BMP;26.29;1026.62;-110.89;39.04;418.59
22:53:28;BMP;26.29;1026.62;-110.56;39.04;420.7
22:53:28;BMP;26.29;1026.62;-110.56;39.05;418.33
22:53:29;BMP;26.29;1026.6;-110.73;39.04;420.43
22:53:30;BMP;26.29;1026.6;-110.56;39.05;416.77
22:53:31;BMP;26.29;1026.62;-110.73;39.04;419.91
22:53:32;BMP;26.29;1026.6;-110.73;39.04;420.43
22:53:33;BMP;26.29;1026.6;-110.73;39.04;416.77
22:53:33;BMP;26.29;1026.62;-110.73;39.04;419.38
22:53:34;BMP;26.29;1026.62;-110.73;39.05;420.43
22:53:35;BMP;26.29;1026.62;-110.89;39.03;418.59
22:53:36;BMP;26.29;1026.62;-110.89;39.04;419.38
22:53:37;BMP;26.29;1026.62;-110.89;39.03;419.12
22:53:38;BMP;26.29;1026.62;-110.89;39.03;419.12
22:53:39;BMP;26.29;1026.62;-110.73;39.04;419.38
22:53:39;BMP;26.29;1026.62;-110.56;39.02;419.91
22:53:40;BMP;26.29;1026.6;-110.56;39.01;420.7
22:53:41;BMP;26.28;1026.6;-110.56;39.01;420.7
22:53:42;BMP;26.28;1026.62;-110.56;39.03;421.49
22:53:43;BMP;26.29;1026.62;-110.56;39.02;417.03
22:53:44;BMP;26.28;1026.62;-110.73;39.01;419.91
22:53:45;BMP;26.28;1026.64;-110.73;39.01;416.77
22:53:45;BMP;26.29;1026.62;-110.73;39.01;420.17
22:53:46;BMP;26.28;1026.62;-110.56;38.99;419.38
22:53:47;BMP;26.29;1026.62;-110.73;39;419.64
22:53:48;BMP;26.29;1026.64;-110.56;39.01;418.59
22:53:49;BMP;26.29;1026.62;-110.89;39.01;419.38
22:53:50;BMP;26.29;1026.62;-110.89;38.99;418.07
22:53:50;BMP;26.29;1026.62;-110.73;39.01;418.59
22:53:51;BMP;26.29;1026.62;-110.56;39.01;420.43
22:53:52;BMP;26.29;1026.62;-110.73;38.99;418.33
22:53:53;BMP;26.29;1026.62;-110.56;38.98;419.91
22:53:54;BMP;26.28;1026.62;-110.56;39;420.17
22:53:55;BMP;26.29;1026.62;-110.73;38.99;419.12
22:53:56;BMP;26.29;1026.62;-110.73;38.99;415.99
22:53:56;BMP;26.29;1026.64;-110.73;39.01;419.64
22:53:57;BMP;26.29;1026.62;-110.56;39.01;415.99
22:53:58;BMP;26.28;1026.62;-110.56;38.99;418.86
22:53:59;BMP;26.28;1026.62;-110.56;38.99;416.51
22:54:00;BMP;26.28;1026.62;-110.56;39;419.38
22:54:01;BMP;26.28;1026.62;-110.56;39;420.7
22:54:02;BMP;26.28;1026.62;-110.56;39;421.23
22:54:02;BMP;26.28;1026.62;-110.56;39;419.12
22:54:03;BMP;26.28;1026.62;-110.56;39.01;417.03
22:54:04;BMP;26.28;1026.62;-110.56;39;419.64
22:54:05;BMP;26.28;1026.62;-110.56;39.01;419.38
22:54:06;BMP;26.29;1026.62;-110.56;39.02;416.77
22:54:07;BMP;26.29;1026.62;-110.56;39.03;419.64
22:54:07;BMP;26.29;1026.62;-110.56;39.04;420.96
22:54:08;BMP;26.29;1026.62;-110.56;39.04;420.96
22:54:09;BMP;26.29;1026.62;-110.73;39.08;420.17
22:54:10;BMP;26.29;1026.62;-110.89;39.07;421.76
22:54:11;BMP;26.29;1026.6;-110.73;39.09;420.43
22:54:12;BMP;26.29;1026.6;-110.56;39.09;419.38
22:54:13;BMP;26.3;1026.6;-110.56;39.09;419.64
22:54:13;BMP;26.3;1026.6;-110.56;39.11;418.59
22:54:14;BMP;26.3;1026.6;-110.73;39.1;420.17
22:54:15;BMP;26.3;1026.62;-110.56;39.12;420.96
22:54:16;BMP;26.3;1026.6;-110.73;39.12;421.76
22:54:17;BMP;26.3;1026.6;-110.73;39.13;420.96
22:54:18;BMP;26.3;1026.6;-110.56;39.14;418.59
22:54:19;BMP;26.3;1026.6;-110.56;39.12;415.99
22:54:19;BMP;26.3;1026.6;-110.73;39.14;419.38
22:54:20;BMP;26.3;1026.64;-110.73;39.14;419.12
22:54:21;BMP;26.3;1026.6;-110.73;39.14;420.43
22:54:22;BMP;26.3;1026.6;-110.56;39.14;418.33
22:54:23;BMP;26.3;1026.58;-110.56;39.15;418.07
22:54:24;BMP;26.3;1026.62;-110.56;39.15;419.91
22:54:24;BMP;26.3;1026.62;-110.56;39.14;416.77
22:54:25;BMP;26.3;1026.6;-110.73;39.14;419.38
22:54:26;BMP;26.29;1026.62;-110.73;39.14;417.29
22:54:27;BMP;26.29;1026.62;-110.89;39.13;418.07
22:54:28;BMP;26.29;1026.64;-110.73;39.12;418.33
22:54:29;BMP;26.28;1026.62;-110.73;39.12;419.38
22:54:30;BMP;26.28;1026.64;-110.73;39.1;416.51
22:54:30;BMP;26.28;1026.64;-110.73;39.09;417.55
22:54:31;BMP;26.28;1026.62;-110.56;39.1;418.07
22:54:32;BMP;26.28;1026.62;-110.73;39.09;417.03
22:54:33;BMP;26.28;1026.6;-110.73;39.09;419.64
22:54:34;BMP;26.28;1026.6;-110.73;39.09;418.59
22:54:35;BMP;26.27;1026.6;-110.73;39.09;417.55
22:54:36;BMP;26.27;1026.6;-110.73;39.09;419.38
22:54:36;BMP;26.27;1026.6;-110.73;39.07;417.29
22:54:37;BMP;26.27;1026.62;-110.56;39.09;419.12
22:54:38;BMP;26.27;1026.62;-110.56;39.07;419.12
22:54:39;BMP;26.27;1026.62;-110.73;39.08;419.64
22:54:40;BMP;26.26;1026.64;-110.73;39.07;417.03
22:54:41;BMP;26.26;1026.62;-110.56;39.08;416.25
22:54:41;BMP;26.26;1026.64;-110.73;39.08;421.23
22:54:42;BMP;26.26;1026.64;-110.73;39.07;416.25
22:54:43;BMP;26.27;1026.62;-110.89;39.07;416.51
22:54:44;BMP;26.27;1026.62;-110.73;39.07;418.07
22:54:45;BMP;26.27;1026.6;-110.73;39.09;418.59
22:54:46;BMP;26.27;1026.6;-110.73;39.07;419.91
22:54:47;BMP;26.27;1026.6;-110.73;39.07;419.12
22:54:47;BMP;26.27;1026.62;-110.73;39.07;413.93
22:54:48;BMP;26.27;1026.62;-110.56;39.06;418.07
22:54:49;BMP;26.27;1026.62;-110.39;39.07;416.25
22:54:50;BMP;26.27;1026.6;-110.73;39.07;418.59
22:54:51;BMP;26.27;1026.6;-110.73;39.07;417.29
22:54:52;BMP;26.27;1026.6;-110.73;39.07;418.59
22:54:53;BMP;26.27;1026.6;-110.73;39.06;418.07
22:54:53;BMP;26.27;1026.6;-110.73;39.07;417.81
22:54:54;BMP;26.27;1026.6;-110.73;39.07;420.43
22:54:55;BMP;26.27;1026.62;-110.73;39.06;419.91
22:54:56;BMP;26.27;1026.62;-110.73;39.06;420.7
22:54:57;BMP;26.27;1026.62;-110.73;39.07;417.03
22:54:58;BMP;26.27;1026.62;-110.73;39.05;419.91
22:54:58;BMP;26.27;1026.62;-110.73;39.05;419.64
22:54:59;BMP;26.27;1026.62;-110.73;39.05;418.59
22:55:00;BMP;26.27;1026.62;-110.73;39.05;419.91
22:55:01;BMP;26.27;1026.62;-110.73;39.05;419.12
22:55:02;BMP;26.27;1026.62;-110.73;39.06;418.07
22:55:03;BMP;26.27;1026.6;-110.73;39.04;418.07
22:55:04;BMP;26.27;1026.6;-110.56;39.04;416.25
22:55:04;BMP;26.28;1026.6;-110.73;39.06;419.38
22:55:05;BMP;26.28;1026.64;-110.73;39.04;419.64
22:55:06;BMP;26.28;1026.64;-110.73;39.04;419.91
22:55:07;BMP;26.28;1026.64;-110.73;39.05;418.59
22:55:08;BMP;26.28;1026.62;-110.56;39.05;419.12
22:55:09;BMP;26.28;1026.62;-110.56;39.04;420.96
22:55:09;BMP;26.28;1026.62;-110.56;39.05;417.81
22:55:10;BMP;26.28;1026.62;-110.56;39.06;420.96
22:55:11;BMP;26.28;1026.62;-110.56;39.04;417.03
22:55:12;BMP;26.28;1026.62;-110.56;39.05;419.38
22:55:13;BMP;26.28;1026.62;-110.56;39.04;416.77
22:55:14;BMP;26.28;1026.62;-110.56;39.04;416.77
22:55:15;BMP;26.28;1026.62;-110.56;39.04;419.38
22:55:15;BMP;26.28;1026.6;-110.39;39.05;419.64
22:55:16;BMP;26.28;1026.6;-110.56;39.06;417.03
22:55:17;BMP;26.28;1026.62;-110.56;39.06;418.07
22:55:18;BMP;26.28;1026.62;-110.56;39.04;420.96
22:55:19;BMP;26.28;1026.6;-110.56;39.04;417.29
22:55:20;BMP;26.28;1026.62;-110.56;39.04;418.59
22:55:21;BMP;26.29;1026.6;-110.56;39.05;416.25
22:55:21;BMP;26.29;1026.6;-110.73;39.05;416.77
22:55:22;BMP;26.29;1026.6;-110.39;39.05;419.64
22:55:23;BMP;26.29;1026.6;-110.73;39.07;418.07
22:55:24;BMP;26.29;1026.6;-110.73;39.08;417.55
22:55:25;BMP;26.29;1026.6;-110.73;39.08;418.07
22:55:26;BMP;26.29;1026.6;-110.56;39.06;418.33
22:55:26;BMP;26.29;1026.6;-110.56;39.06;417.81
22:55:27;BMP;26.29;1026.6;-110.73;39.07;418.33
22:55:28;BMP;26.29;1026.6;-110.73;39.06;417.29
22:55:29;BMP;26.29;1026.6;-110.73;39.06;414.7
22:55:30;BMP;26.29;1026.62;-110.73;39.06;418.86
22:55:31;BMP;26.29;1026.6;-110.56;39.07;418.59
22:55:32;BMP;26.29;1026.6;-110.56;39.05;418.07
22:55:32;BMP;26.29;1026.58;-110.56;39.07;417.29
22:55:33;BMP;26.29;1026.58;-110.56;39.06;420.43
22:55:34;BMP;26.29;1026.6;-110.56;39.06;419.38
22:55:35;BMP;26.29;1026.6;-110.39;39.05;416.25
22:55:36;BMP;26.29;1026.6;-110.39;39.06;418.59
22:55:37;BMP;26.28;1026.6;-110.39;39.06;418.33
22:55:38;BMP;26.29;1026.6;-110.39;39.04;419.64
22:55:38;BMP;26.29;1026.6;-110.39;39.03;422.02
22:55:39;BMP;26.28;1026.6;-110.39;39.03;418.33
22:55:40;BMP;26.28;1026.6;-110.23;39.03;418.86
22:55:41;BMP;26.29;1026.6;-110.23;39.03;419.91
22:55:42;BMP;26.28;1026.58;-110.39;39.03;417.29
22:55:43;BMP;26.29;1026.6;-110.39;39.03;417.03
22:55:43;BMP;26.28;1026.6;-110.39;39.02;415.99
22:55:44;BMP;26.28;1026.6;-110.56;39.01;418.86
22:55:45;BMP;26.28;1026.6;-110.56;39.01;416.77
22:55:46;BMP;26.28;1026.6;-110.39;39.02;421.23
22:55:47;BMP;26.28;1026.6;-110.23;39.01;418.07
22:55:48;BMP;26.27;1026.56;-110.23;39.02;420.43
22:55:49;BMP;26.25;1026.58;-110.56;39.04;417.81
22:55:49;BMP;26.25;1026.6;-110.39;39.09;417.03
22:55:50;BMP;26.24;1026.6;-110.39;39.1;417.03
22:55:51;BMP;26.24;1026.6;-110.39;39.14;417.03
22:55:52;BMP;26.25;1026.6;-110.56;39.16;417.55
22:55:53;BMP;26.25;1026.6;-110.56;39.2;419.91
22:55:54;BMP;26.25;1026.6;-110.73;39.25;417.29
22:55:55;BMP;26.25;1026.6;-110.73;39.27;415.99
22:55:55;BMP;26.25;1026.6;-110.56;39.29;419.91
22:55:56;BMP;26.25;1026.6;-110.56;39.28;418.86
22:55:57;BMP;26.25;1026.58;-110.56;39.3;416.51
22:55:58;BMP;26.25;1026.6;-110.56;39.31;418.33
22:55:59;BMP;26.25;1026.6;-110.56;39.31;417.29
22:56:00;BMP;26.25;1026.6;-110.56;39.31;416.77
22:56:01;BMP;26.25;1026.6;-110.56;39.31;419.12
22:56:01;BMP;26.25;1026.58;-110.56;39.3;416.51
22:56:02;BMP;26.25;1026.6;-110.56;39.32;416.77
22:56:03;BMP;26.25;1026.6;-110.73;39.29;415.99
22:56:04;BMP;26.25;1026.6;-110.73;39.3;415.48
22:56:05;BMP;26.25;1026.6;-110.39;39.28;416.77
22:56:06;BMP;26.24;1026.6;-110.39;39.27;419.12
22:56:07;BMP;26.24;1026.6;-110.39;39.26;418.07
22:56:07;BMP;26.24;1026.6;-110.56;39.26;420.43
22:56:08;BMP;26.24;1026.6;-110.39;39.26;417.29
22:56:09;BMP;26.24;1026.6;-110.39;39.25;414.45
22:56:10;BMP;26.24;1026.6;-110.39;39.23;415.48
22:56:11;BMP;26.25;1026.6;-110.56;39.22;419.64
22:56:12;BMP;26.25;1026.6;-110.56;39.22;420.96
22:56:12;BMP;26.25;1026.6;-110.56;39.21;417.29
22:56:13;BMP;26.25;1026.6;-110.73;39.2;417.81
22:56:14;BMP;26.25;1026.58;-110.56;39.2;417.29
22:56:15;BMP;26.25;1026.58;-110.39;39.19;420.7
22:56:16;BMP;26.26;1026.6;-110.39;39.2;419.38
22:56:17;BMP;26.26;1026.6;-110.39;39.2;420.17
22:56:18;BMP;26.27;1026.6;-110.39;39.21;418.33
22:56:18;BMP;26.27;1026.6;-110.39;39.2;419.91
22:56:19;BMP;26.27;1026.6;-110.39;39.21;419.64
22:56:20;BMP;26.27;1026.6;-110.56;39.22;420.43
22:56:21;BMP;26.27;1026.58;-110.56;39.21;415.73
22:56:22;BMP;26.27;1026.58;-110.39;39.21;419.12
22:56:23;BMP;26.27;1026.58;-110.39;39.21;419.38
22:56:24;BMP;26.27;1026.58;-110.39;39.22;420.43
22:56:24;BMP;26.27;1026.56;-110.23;39.21;414.96
22:56:25;BMP;26.28;1026.56;-110.39;39.23;418.86
22:56:26;BMP;26.28;1026.56;-110.39;39.24;419.38
22:56:27;BMP;26.28;1026.56;-110.39;39.24;416.77
22:56:28;BMP;26.28;1026.58;-110.39;39.24;419.64
22:56:29;BMP;26.27;1026.58;-110.39;39.25;418.59
22:56:30;BMP;26.27;1026.58;-110.56;39.25;417.55
22:56:30;BMP;26.27;1026.58;-110.56;39.25;416.51
22:56:31;BMP;26.27;1026.58;-110.39;39.24;420.96
22:56:32;BMP;26.27;1026.58;-110.39;39.23;416.51
22:56:33;BMP;26.27;1026.56;-110.39;39.25;414.96
22:56:34;BMP;26.27;1026.56;-110.39;39.25;417.03
22:56:35;BMP;26.28;1026.6;-110.39;39.26;417.55
22:56:36;BMP;26.28;1026.6;-110.23;39.27;418.33
22:56:36;BMP;26.28;1026.58;-110.23;39.28;414.45
22:56:37;BMP;26.29;1026.58;-110.56;39.3;415.99
22:56:38;BMP;26.29;1026.58;-110.39;39.32;417.29
22:56:39;BMP;26.29;1026.58;-110.39;39.34;417.81
22:56:40;BMP;26.29;1026.58;-110.39;39.34;414.7
22:56:41;BMP;26.29;1026.56;-110.39;39.37;414.45
22:56:41;BMP;26.29;1026.56;-110.39;39.38;415.73
22:56:42;BMP;26.3;1026.56;-110.23;39.4;417.81
22:56:43;BMP;26.3;1026.56;-110.39;39.4;416.51
22:56:44;BMP;26.3;1026.6;-110.39;39.4;418.33
22:56:45;BMP;26.3;1026.6;-110.23;39.39;418.07
22:56:46;BMP;26.3;1026.58;-110.23;39.37;414.45
22:56:47;BMP;26.3;1026.58;-110.23;39.37;414.45
22:56:47;BMP;26.3;1026.58;-110.39;39.36;414.45
22:56:48;BMP;26.3;1026.6;-110.39;39.34;415.73
22:56:49;BMP;26.3;1026.6;-110.39;39.29;419.38
22:56:50;BMP;26.3;1026.6;-110.39;39.27;414.7
22:56:51;BMP;26.3;1026.56;-110.39;39.26;416.51
22:56:52;BMP;26.3;1026.58;-110.39;39.23;417.29
22:56:53;BMP;26.3;1026.56;-110.39;39.21;415.22
22:56:53;BMP;26.3;1026.6;-110.39;39.21;417.55
22:56:54;BMP;26.3;1026.6;-110.39;39.21;414.96
22:56:55;BMP;26.3;1026.6;-110.23;39.18;415.73
22:56:56;BMP;26.3;1026.6;-110.23;39.19;415.73
22:56:57;BMP;26.3;1026.58;-110.39;39.17;416.51
22:56:58;BMP;26.3;1026.58;-110.23;39.16;418.59
22:56:59;BMP;26.3;1026.58;-110.23;39.17;419.64
22:56:59;BMP;26.3;1026.56;-110.07;39.15;419.64
22:57:00;BMP;26.31;1026.56;-110.23;39.14;418.86
22:57:01;BMP;26.31;1026.56;-110.39;39.14;415.73
22:57:02;BMP;26.31;1026.56;-110.39;39.13;415.48
22:57:03;BMP;26.31;1026.56;-110.23;39.13;417.29
22:57:04;BMP;26.31;1026.54;-110.23;39.12;419.12
22:57:05;BMP;26.31;1026.54;-110.23;39.11;415.73
22:57:05;BMP;26.31;1026.56;-110.23;39.11;415.99
22:57:06;BMP;26.31;1026.56;-110.23;39.1;417.03
22:57:07;BMP;26.31;1026.56;-110.23;39.09;418.33
22:57:08;BMP;26.31;1026.56;-110.23;39.1;417.55
22:57:09;BMP;26.31;1026.56;-110.23;39.09;417.29
22:57:10;BMP;26.31;1026.56;-110.23;39.09;417.55
22:57:11;BMP;26.32;1026.56;-110.23;39.09;417.81
22:57:11;BMP;26.32;1026.58;-110.23;39.1;417.03
22:57:12;BMP;26.32;1026.58;-110.23;39.08;419.64
22:57:13;BMP;26.32;1026.58;-110.23;39.07;418.59
22:57:14;BMP;26.32;1026.58;-110.07;39.09;415.48
22:57:15;BMP;26.32;1026.58;-110.23;39.08;418.59
22:57:16;BMP;26.32;1026.56;-110.23;39.06;420.43
22:57:16;BMP;26.32;1026.58;-110.07;39.06;419.64
22:57:17;BMP;26.32;1026.56;-110.23;39.04;417.03
22:57:18;BMP;26.32;1026.58;-110.23;39.03;417.55
22:57:19;BMP;26.32;1026.58;-110.23;39.03;418.86
22:57:20;BMP;26.32;1026.58;-110.23;39.01;418.86
22:57:21;BMP;26.32;1026.56;-110.07;39.01;419.12
22:57:22;BMP;26.32;1026.58;-110.07;39;419.38
22:57:22;BMP;26.32;1026.56;-110.07;38.98;419.64
22:57:23;BMP;26.32;1026.56;-110.07;38.97;420.17
22:57:24;BMP;26.32;1026.56;-110.07;38.97;415.99
22:57:25;BMP;26.33;1026.56;-110.07;38.98;418.07
22:57:26;BMP;26.33;1026.56;-110.56;38.98;419.91
22:57:27;BMP;26.33;1026.56;-110.56;38.97;418.07
22:57:28;BMP;26.33;1026.56;-110.56;38.96;418.07
22:57:28;BMP;26.33;1026.58;-110.56;38.96;415.73
22:57:29;BMP;26.33;1026.56;-110.56;38.96;416.25
